3732144
533678
3005916
1400807
3306269
2499628
3915045
144531
515919
1600425
3288885
498375
641498
3414321
2671416
3737751
3775006
175365
1326324
3834952
686404
740068
3979240
4048970
244190
2457644
4112977
3514765
2064189
3506260
2305334
3862012
3660653
3531617
3598833
3743136
514732
1878070
3811693
2705209
2095160
3809664
193112
1222920
1681672
2066132
3483054
109658
1805204
4046065
786707
2795570
2829674
2895824
3574080
644161
2258996
4003346
1208003
906291
392579
837953
3616592
3351505
155800
2141489
1904475
3634305
3619377
3995020
2365811
1788582
3910849
3332043
2891313
3651345
2060559
1004963
504834
3895157
1770502
1178151
3690105
1299281
1528473
871963
3903542
1759852
2526914
2115215
986529
1523032
3555193
1180566
698764
1787943
4182988
1228785
918668
2363402
3866517
2358844
353334
2259393
1510988
2412902
1677565
1917315
911792
865440
2672168
390811
2437494
1939687
399461
56563
2147115
3556662