1955228
2900904
2007446
4072747
1791870
3080498
2048255
34581
1975927
6092
1805546
2690702
3195936
3130858
1274737
610060
1742624
289082
2102625
833472
49017
42547
2581878
1778782
1234701
2470115
1931521
2955866
189760
96794
1848127
670053
2615318
1916449
1124243
3747574
4047260
1201813
2996418
1041504
241080
2630645
1501450
1933790
2133350
447757
2707390
1282151
407681
4131435
1130364
2278933
770934
1682675
272571
1775789
291304
4011231
2030985
2585729
2726039
318624
3094782
319676
16844
219189
927955
3589865
378017
2937099
1309338
118915
3840672
3659671
2564944
306320
3823633
3201004
95785
99709
3866598
2796612
4042049
3075325
3235736
2039659
338268
1378134
4121293
2676860
1719977
731419
1731868
1748773
468626
3978959
1805120
1170533
2796559
2251625
2510835
3292127
1955532
1670988
3556670
3951159
3532260
1752533
1574482
971026
73202
268729
3298519
1442413
2000208
2047531