2396129
566070
3614194
328687
3636820
2784919
3478633
792160
3985083
1976167
2187492
3690796
1998326
2290418
1562900
2204364
3057986
1701219
861118
3770142
3331571
3357559
1986349
3071135
3954494
3993765
110780
3038873
2149501
1646594
1878647
1506702
414792
694527
1895554
2212922
3171350
1720965
3838776
2535989
1046913
1046197
2570427
3600051
3552556
2809889
1590362
840693
210934
2969524
3588959
1349692
3927136
261404
579088
3435920
1333867
2768967
3045887
3603347
3749227
1531293
4102140
2594686
2383300
3025530
364069
1078700
823751
880824
2261504
3485592
3965863
297990
2859785
1658787
2501323
100309
204242
1263774
3101701
1911575
2509311
4023041
754497
1458648
3341653
4077531
3272589
349404
1111336
1677730
2783208
3166010
2912786
336424
1684957
2346713
3682132
1884856
3480297
475327
3392821
1851580
3465750
3797986
1275445
3255598
116087
2238494
3990496