618474
3311852
3208853
402002
2020997
3633827
1881391
2622092
4220906
3457685
1595706
2590430
3112153
3638009
40270
2046555
1549266
1296411
4012892
2573507
271142
3145465
1105805
2461827
1042348
3512856
2614080
2480982
574069
2026806
479018
3401630
3328803
1053797
803496
2614122
4080497
2533900
2836397
3242165
1031691
1631834
2441525
3906922
3030149
3127967
1890164
2710379
3285432
1711030
1172830
3192429
2631962
1446756
2489863
3311279
4089915
1109295
3122818
3415606
3586452
846602
3804955
1002668
1024539
3961770
3570297
2599420
2973388
597668
3816852
667174
276376
1127537
3903572
3819710
2731239
3379
555204
2956912
457335
2919576
1999422
1348340
2330122
1894235
1377442
3574718
2530848
1421494
80374
3455743
1111356